12
3
4
10
11
34
2
3412
34
13
234
2
4
123
4
1
6847
354
6
245
562
34
513
4
123
4
1234
12
34123
12
645
34512
3
4
10
11
34
2
3412
34
13
234
2
4
123
4
1
6847
354
6
245
562
34
513
4
234
5
234
5
234
6
56345
8765
45634
6
9
586
76
5
63
42
5
34
23
4
12
34
12
34
213
41234
436
245
562
34
513
412
3
4
10
11
34
2
3412
34
13
234
2
4
123
4
1
6847
354
6
24512
3
4
10
11
34
2
3412
34
13
234
2
4
123
4
1
6847
354
6
245
562
34
513
4
562
34
513
4
123
4
1234
12
34123
12
64512
3
4
10
11
34
2
3412
34
13
234
2
4
123
4
1
6847
354
6
245
562
34
513
4
345
234
5
234
5
234
6
56345
8765
45634
6
9
586
76
5
63
42
5
34
23
4
12
34
12
34
213
41234
43
6
6
8
67
8
465
74
5
7
7
9
57
8568
46
7
54
6
54
0
5348
7
48674
6
6
8
67
8
4656
245
562
34
513
4
123
4
1234
12
34123
12
645
345
234
5
234
5
234
6
56345
8765
45634
6
9
586
76
5
63
42
5
34
23
4
12
34
12
34
213
41234
43
6
6
8
67
8
465
74
5
7
7
9
5712
3
4
10
11
34
2
3412
34
13
234
2
4
123
4
1
6847
354
6
245
562
34
513
4
8568
46
7
54
6
54
0
5348
7
48674
74
5
7
7
9
576
245
562
34
513
4
123
4
1234
12
34123
12
645
345
234
5
234
5
234
6
56345
8765
45634
6
9
586
76
5
63
42
5
34
23
412
3
4
10
11
34
2
3412
34
13
234
2
4
123
4
1
6847
354
6
245
562
34
513
4
12
34
12
34
213
41234
43
6
6
8
67
8
465
74
5
7
7
9
57
8568
46
7
54
6
54
0
5348
7
48674
8568
46
76
245
562
34
513
4
123
4
1234
12
34123
12
645
345
234
5
234
5
234
6
56345
8765
45634
6
9
586
76
5
63
42
5
34
23
4
12
34
12
34
213
41234
43
612
3
4
10
11
34
2
3412
34
13
234
2
4
123
4
1
6847
354
6
245
562
34
513
4
6
8
67
8
465
74
5
7
7
9
57
8568
46
7
54
6
546
245
562
34
513
4
123
4
1234
12
34123
12
645
345
234
5
234
5
234
6
56345
8765
45634
6
9
586
76
5
6312
3
4
10
11
34
2
3412
34
13
234
2
4
123
4
1
6847
354
6
245
562
34
513
4
42
5
34
23
4
12
34
12
34
213
41234
43
6
6
8
67
8
465
74
5
7
7
9
57
8568
46
7
54
6
54
0
5348
7
486746
245
562
34
513
4
123
4
1234
12
34123
12
645
345
234
5
234
5
234
6
56345
8765
45634
6
9
586
76
5
63
42
5
34
23
4
12
34
12
34
213
41234
43
6
6
8
67
8
465
74
5
7
7
9
57
8568
46
7
54
6
54
0
5348
7
48674
0
5348
7
48674
54
6
54
0
5348
7
48674
5676
5
63
42
5
34
23
4
12
34
12
34
213
41234
43
6
6
8
67
8
465
74
5
7
7
9
57
8568
46
7
54
6
54
0
5348
7
48674
0
5348
7
48674
5476
5
63
42
5
34
23
4
12
34
12
34
213
41234
43
6
6
8
67
8
465
74
5
7
7
9
57
8568
46
7
54
6
54
0
5348
7
48674
0
5348
7
48674
54
6
54
0
5348
776
5
63
42
5
34
23
4
12
34
12
34
213
41234
43
6
6
8
67
8
465
74
5
7
7
9
57
8568
46
7
54
6
54
0
5348
7
48674
0
5348
7
48674
54
6
54
0
5348
7
676
5
63
42
5
34
23
4
12
34
12
34
213
41234
43
6
6
8
67
8
465
74
5
7
7
9
57
8568
46
7
54
6
54
0
5348
7
48674
0
5348
7
48674
54
6
54
0
5348
776
5
63
42
5
34
23
4
12
34
12
34
213
41234
43
6
6
8
67
8
465
74
5
7
7
9
57
8568
46
7
54
6
54
0
5348
7
48674
0
5348
7
48674
54
6
54
0
5348
7
54
0
5348
776
5
63
42
5
34
23
4
12
34
12
34
213
41234
43
6
6
8
67
8
465
74
5
7
7
9
57
8568
46
7
54
6
54
0
5348
7
48674
0
5348
7
48674
54
6
54
0
5348
776
5
63
42
5
34
23
4
12
34
12
34
213
41234
43
6
6
8
67
8
465
74
5
7
7
9
57
8568
46
7
54
6
54
0
5348
7
48674
0
5348
7
48674
54
6
54
0
5348
776
5
63
42
5
34
23
4
12
34
12
34
213
41234
43
6
6
8
67
8
465
74
5
7
7
9
57
8568
46
7
54
6
54
0
5348
7
